% JMJ


% Description of representative renewable generation, demand scenarios, and
% probability of occurrence of scenarios


% Scenarios: matrix with 61 rows (scenarios) and 3 columns (load factor
% (p.u.) + % wind generation (/100), % solar generation (/100):
SCENARIOS = [ 
    0.7350    0.4638    0.0109
    0.5748    0.1361    0.0115
    0.4441    0.9293    0.0033
    0.5204    0.2718    0.6099
    0.7103    0.2791    0.0166
    0.5391    0.6406    0.0084
    0.6255    0.0747    0.6277
    0.4472    0.4951    0.0056
    0.5289    0.2731    0.1799
    0.4338    0.7206    0.0017
    0.8207    0.6488    0.5970
    0.4705    0.2976    0.0044
    0.7218    0.0917    0.0394
    0.5143    0.9044    0.2880
    0.7645    0.0561    0.6919
    0.5778    0.4171    0.0120
    0.4596    0.1037    0.0069
    0.5850    0.2906    0.3919
    0.5056    0.7225    0.1847
    0.5358    0.0544    0.8267
    0.5444    0.0662    0.2069
    0.5325    0.5405    0.6652
    0.8381    0.0538    0.3551
    0.5116    0.8652    0.5605
    0.6616    0.0647    0.8927
    0.6331    0.2803    0.7037
    0.5491    0.8905    0.0156
    0.5159    0.0607    0.6008
    0.7505    0.4569    0.9424
    0.8575    0.1285    0.0787
    0.5135    0.6875    0.4613
    0.8784    0.0730    0.5880
    0.5051    0.4328    0.4698
    0.5278    0.5172    0.2345
    0.5594    0.2758    0.9028
    0.5184    0.1114    0.4141
    0.5093    0.7277    0.8594
    0.7657    0.3098    0.1933
    0.6373    0.8419    0.5413
    0.7953    0.0534    0.9517
    0.6590    0.6839    0.0061
    0.7156    0.3276    0.8098
    0.5407    0.5372    0.8675
    0.6771    0.0893    0.3648
    0.8108    0.6468    0.9104
    0.8676    0.1167    0.8074
    0.5921    0.9009    0.9624
    0.9130    0.1989    0.3440
    0.5307    0.9381    0.7120
    0.7771    0.2099    0.9471
    0.7035    0.4302    0.6048
    0.6150    0.5148    0.4447
    0.8020    0.3418    0.4103
    0.6126    0.7553    0.7223
    0.6639    0.5627    0.2189
    0.6998    0.7410    0.9391
    0.7879    0.4977    0.7591
    0.8642    0.2744    0.6302
    0.8403    0.5711    0.3660
    0.6596    0.7973    0.2462
    0.7740    0.8217    0.3365];



% Probability of occurrence of scenarios (matrix 61x1)
PROB = [
    0.0127
    0.0741
    0.0570
    0.0167
    0.0213
    0.0533
    0.0140
    0.0538
    0.0249
    0.0499
    0.0009
    0.0725
    0.0178
    0.0120
    0.0072
    0.0570
    0.0637
    0.0119
    0.0118
    0.0139
    0.0257
    0.0123
    0.0071
    0.0088
    0.0142
    0.0072
    0.0395
    0.0203
    0.0049
    0.0145
    0.0107
    0.0050
    0.0113
    0.0145
    0.0127
    0.0199
    0.0042
    0.0068
    0.0024
    0.0112
    0.0142
    0.0063
    0.0074
    0.0114
    0.0019
    0.0080
    0.0026
    0.0035
    0.0043
    0.0087
    0.0053
    0.0063
    0.0025
    0.0043
    0.0038
    0.0025
    0.0021
    0.0030
    0.0007
    0.0014
    0.0005];